<pyepfd>
  <phonon mode='enmfd'>
    <ngrid> 1 </ngrid>
    <deltax> 0.005 </deltax>
    <deltae> 0.001 </deltae>
    <asr> lin </asr>
    <inp_dynmat shape='(9, 9)'>
[  1.16570877e-06, -1.27450455e-12,  1.77449774e-12,  1.16571357e-06, -1.27450979e-12, 
  -7.58294525e-12, -2.69084475e-06,  2.94198171e-12,  6.70390356e-12, -1.27450455e-12, 
   1.16571224e-06,  1.48889657e-12, -1.27450979e-12,  1.16571704e-06, -8.50449734e-13, 
   2.94198171e-12, -2.69085276e-06, -7.36872634e-13,  1.77449774e-12,  1.48889657e-12, 
   3.44489401e-05,  1.77450504e-12,  1.48890270e-12, -3.16584535e-06, -4.09613279e-12, 
  -3.43687002e-12, -3.61058355e-05,  1.16571357e-06, -1.27450979e-12,  1.77450504e-12, 
   1.16571837e-06, -1.27451504e-12, -7.58297646e-12, -2.69085583e-06,  2.94199381e-12, 
   6.70393115e-12, -1.27450979e-12,  1.16571704e-06,  1.48890270e-12, -1.27451504e-12, 
   1.16572184e-06, -8.50453234e-13,  2.94199381e-12, -2.69086383e-06, -7.36875666e-13, 
  -7.58294525e-12, -8.50449734e-13, -3.16584535e-06, -7.58297646e-12, -8.50453234e-13, 
   3.44501870e-05,  1.75039675e-11,  1.96312172e-12, -3.61072746e-05, -2.69084475e-06, 
   2.94198171e-12, -4.09613279e-12, -2.69085583e-06,  2.94199381e-12,  1.75039675e-11, 
   6.21136742e-06, -6.79107529e-12, -1.54748460e-11,  2.94198171e-12, -2.69085276e-06, 
  -3.43687002e-12,  2.94199381e-12, -2.69086383e-06,  1.96312172e-12, -6.79107529e-12, 
   6.21138590e-06,  1.70094788e-12,  6.70390356e-12, -7.36872634e-13, -3.61058355e-05, 
   6.70393115e-12, -7.36875666e-13, -3.61072746e-05, -1.54748460e-11,  1.70094788e-12, 
   8.33458035e-05 ]
    </inp_dynmat>
    <dynmat shape='(9, 9)'>
[  1.52149567e-06, -2.91302688e-12,  4.40786142e-14,  1.00370699e-06, -1.38621426e-12, 
  -4.18653074e-12, -2.98797305e-06, -2.22351831e-09,  3.40829809e-12, -2.91302688e-12, 
   1.45170088e-06,  3.17891915e-12, -9.32830194e-13,  1.08651713e-06,  8.91803023e-13, 
   2.23137564e-09, -2.96824894e-06,  5.97604638e-12,  4.40786142e-14,  3.17891915e-12, 
   3.46788383e-05, -2.04652743e-13,  1.37362634e-11, -2.89580040e-06,  2.83697844e-13, 
   7.15144431e-12, -3.66635112e-05,  1.00370699e-06, -9.32830194e-13, -2.04652743e-13, 
   1.51822645e-06,  5.27884977e-13, -4.67908801e-12, -2.99049244e-06, -2.22795549e-09, 
   2.84124381e-12, -1.38621426e-12,  1.08651713e-06,  1.37362634e-11,  5.27884977e-13, 
   1.33558110e-06,  8.89315199e-12,  2.22812614e-09, -3.02818958e-06,  2.72793760e-11, 
  -4.18653074e-12,  8.91803023e-13, -2.89580040e-06, -4.67908801e-12,  8.89315199e-12, 
   3.46791765e-05,  1.04296605e-11,  8.69163359e-12, -3.66638958e-05, -2.98797305e-06, 
   2.23137564e-09,  2.83697844e-13, -2.99049244e-06,  2.22812614e-09,  1.04296605e-11, 
   7.14882744e-06, -2.95473689e-12, -6.77145994e-12, -2.22351831e-09, -2.96824894e-06, 
   7.15144431e-12, -2.22795549e-09, -3.02818958e-06,  8.69163359e-12, -2.95473689e-12, 
   7.14956898e-06,  1.59883079e-11,  3.40829809e-12,  5.97604638e-12, -3.66635112e-05, 
   2.84124381e-12,  2.72793760e-11, -3.66638958e-05, -6.77145994e-12,  1.59883079e-11, 
   8.46401151e-05 ]
    </dynmat>
    <ref_dynmat shape='(9, 9)'>
[  1.31717371e-06, -7.25798794e-13,  6.22844237e-13,  1.31717914e-06, -7.25801781e-13, 
  -3.76082417e-12, -3.04047638e-06,  1.67538576e-12,  3.62174484e-12, -7.25798794e-13, 
   1.31717570e-06,  7.02167317e-13, -7.25801781e-13,  1.31718113e-06, -7.55927237e-13, 
   1.67538576e-12, -3.04048097e-06,  6.20477885e-14,  6.22844237e-13,  7.02167317e-13, 
   3.46719008e-05,  6.22846800e-13,  7.02170207e-13, -2.90273971e-06, -1.43773230e-12, 
  -1.62083643e-12, -3.66668359e-05,  1.31717914e-06, -7.25801781e-13,  6.22846800e-13, 
   1.31718456e-06, -7.25804769e-13, -3.76083964e-12, -3.04048889e-06,  1.67539266e-12, 
   3.62175975e-12, -7.25801781e-13,  1.31718113e-06,  7.02170207e-13, -7.25804769e-13, 
   1.31718655e-06, -7.55930348e-13,  1.67539266e-12, -3.04049348e-06,  6.20480439e-14, 
  -3.76082417e-12, -7.55927237e-13, -2.90273971e-06, -3.76083964e-12, -7.55930348e-13, 
   3.46722354e-05,  8.68123688e-12,  1.74493226e-12, -3.66672221e-05, -3.04047638e-06, 
   1.67538576e-12, -1.43773230e-12, -3.04048889e-06,  1.67539266e-12,  8.68123688e-12, 
   7.01843385e-06, -3.86734929e-12, -8.36019539e-12,  1.67538576e-12, -3.04048097e-06, 
  -1.62083643e-12,  1.67539266e-12, -3.04049348e-06,  1.74493226e-12, -3.86734929e-12, 
   7.01844445e-06, -1.43226996e-13,  3.62174484e-12,  6.20477885e-14, -3.66668359e-05, 
   3.62175975e-12,  6.20480439e-14, -3.66672221e-05, -8.36019539e-12, -1.43226996e-13, 
   8.46395618e-05 ]
    </ref_dynmat>
  </phonon>
  <cell shape='(6)'>
[  2.00000000e+01,  2.00000000e+01,  2.00000000e+01,  9.00000000e+01,  9.00000000e+01, 
   9.00000000e+01 ]
  </cell>
  <mass shape='(9)'>
[  2.91651223e+04,  2.91651223e+04,  2.91651223e+04,  2.91651223e+04,  2.91651223e+04, 
   2.91651223e+04,  2.18941669e+04,  2.18941669e+04,  2.18941669e+04 ]
  </mass>
  <opt_coord shape='(9)'>
[  0.00000000e+00,  0.00000000e+00,  2.18666400e+00,  0.00000000e+00,  0.00000000e+00, 
  -2.18666100e+00,  0.00000000e+00,  0.00000000e+00, -3.00000000e-06 ]
  </opt_coord>
  <atoms shape='(3)'>
[ O, O, C ]
  </atoms>
</pyepfd>