<pyepfd>
  <phonon mode='fd'>
    <ngrid> 1 </ngrid>
    <deltax> 0.005 </deltax>
    <deltae> 0.001 </deltae>
    <asr> lin </asr>
    <dynmat shape='(9, 9)'>
[  2.12445535e-07,  3.42875298e-11,  1.71437649e-11,  1.33933949e-06,  0.00000000e+00, 
  -1.71437649e-11, -3.07800297e-06,  1.97867238e-11,  3.95734476e-11,  3.42875298e-11, 
   2.12445535e-07,  1.71437649e-11,  3.42875298e-11,  1.33932235e-06, -1.71437649e-11, 
   1.97867238e-11, -3.07800297e-06,  1.97867238e-11,  1.71437649e-11,  1.71437649e-11, 
   3.45437948e-05,  0.00000000e+00,  0.00000000e+00, -3.07092832e-06,  0.00000000e+00, 
   0.00000000e+00, -3.67259006e-05,  1.33933949e-06,  3.42875298e-11,  0.00000000e+00, 
   2.12274097e-07,  0.00000000e+00, -3.42875298e-11, -3.07790403e-06,  1.97867238e-11, 
  -3.95734476e-11,  0.00000000e+00,  1.33932235e-06,  0.00000000e+00,  0.00000000e+00, 
   2.12342672e-07,  1.71437649e-11,  0.00000000e+00, -3.07788425e-06, -1.97867238e-11, 
  -1.71437649e-11, -1.71437649e-11, -3.07092832e-06, -3.42875298e-11,  1.71437649e-11, 
   3.45451663e-05,  0.00000000e+00,  0.00000000e+00, -3.67272857e-05, -3.07800297e-06, 
   1.97867238e-11,  0.00000000e+00, -3.07790403e-06,  0.00000000e+00,  0.00000000e+00, 
   5.83324319e-06,  0.00000000e+00, -2.28371329e-11,  1.97867238e-11, -3.07800297e-06, 
   0.00000000e+00,  1.97867238e-11, -3.07788425e-06,  0.00000000e+00,  0.00000000e+00, 
   5.83328886e-06,  0.00000000e+00,  3.95734476e-11,  1.97867238e-11, -3.67259006e-05, 
  -3.95734476e-11, -1.97867238e-11, -3.67272857e-05, -2.28371329e-11,  0.00000000e+00, 
   8.22001133e-05 ]
    </dynmat>
    <ref_dynmat shape='(9, 9)'>
[  1.16570877e-06, -1.27450455e-12,  1.77449774e-12,  1.16571357e-06, -1.27450979e-12, 
  -7.58294525e-12, -2.69084475e-06,  2.94198171e-12,  6.70390356e-12, -1.27450455e-12, 
   1.16571224e-06,  1.48889657e-12, -1.27450979e-12,  1.16571704e-06, -8.50449734e-13, 
   2.94198171e-12, -2.69085276e-06, -7.36872634e-13,  1.77449774e-12,  1.48889657e-12, 
   3.44489401e-05,  1.77450504e-12,  1.48890270e-12, -3.16584535e-06, -4.09613279e-12, 
  -3.43687002e-12, -3.61058355e-05,  1.16571357e-06, -1.27450979e-12,  1.77450504e-12, 
   1.16571837e-06, -1.27451504e-12, -7.58297646e-12, -2.69085583e-06,  2.94199381e-12, 
   6.70393115e-12, -1.27450979e-12,  1.16571704e-06,  1.48890270e-12, -1.27451504e-12, 
   1.16572184e-06, -8.50453234e-13,  2.94199381e-12, -2.69086383e-06, -7.36875666e-13, 
  -7.58294525e-12, -8.50449734e-13, -3.16584535e-06, -7.58297646e-12, -8.50453234e-13, 
   3.44501870e-05,  1.75039675e-11,  1.96312172e-12, -3.61072746e-05, -2.69084475e-06, 
   2.94198171e-12, -4.09613279e-12, -2.69085583e-06,  2.94199381e-12,  1.75039675e-11, 
   6.21136742e-06, -6.79107529e-12, -1.54748460e-11,  2.94198171e-12, -2.69085276e-06, 
  -3.43687002e-12,  2.94199381e-12, -2.69086383e-06,  1.96312172e-12, -6.79107529e-12, 
   6.21138590e-06,  1.70094788e-12,  6.70390356e-12, -7.36872634e-13, -3.61058355e-05, 
   6.70393115e-12, -7.36875666e-13, -3.61072746e-05, -1.54748460e-11,  1.70094788e-12, 
   8.33458035e-05 ]
    </ref_dynmat>
  </phonon>
  <cell shape='(6)'>
[  2.00000000e+01,  2.00000000e+01,  2.00000000e+01,  9.00000000e+01,  9.00000000e+01, 
   9.00000000e+01 ]
  </cell>
  <mass shape='(9)'>
[  2.91651223e+04,  2.91651223e+04,  2.91651223e+04,  2.91651223e+04,  2.91651223e+04, 
   2.91651223e+04,  2.18941669e+04,  2.18941669e+04,  2.18941669e+04 ]
  </mass>
  <opt_coord shape='(9)'>
[  0.00000000e+00,  0.00000000e+00,  2.18666400e+00,  0.00000000e+00,  0.00000000e+00, 
  -2.18666100e+00,  0.00000000e+00,  0.00000000e+00, -3.00000000e-06 ]
  </opt_coord>
  <atoms shape='(3)'>
[ O, O, C ]
  </atoms>
</pyepfd>